1600.000000 0.11570454444692
1610.000000 0.18252495363219
1620.000000 0.24935325095005
1630.000000 0.3161894364005
1640.000000 0.38303392862823
1650.000000 0.44988596338214
1660.000000 0.51413816486111
1670.000000 0.54883823008384
1680.000000 0.58354182508138
1690.000000 0.61824951172512
1700.000000 0.6529620034289
1710.000000 0.65672587801158
1720.000000 0.65558088303203
1730.000000 0.65443646328672
1740.000000 0.6724909713068
1750.000000 0.71302981664656
1760.000000 0.75357343942382
1770.000000 0.76071165424665
1780.000000 0.76546042507491
1790.000000 0.77020975069531
1800.000000 0.77496047731288
1810.000000 0.77971091765454
1820.000000 0.78446191278834
1830.000000 0.7892143243302
1840.000000 0.79396643418526
1850.000000 0.79871909883247
1860.000000 0.8074751234769
1870.000000 0.81902144731952
1880.000000 0.8305691266307
1890.000000 0.84211908045743
1900.000000 0.84358215385989
1910.000000 0.84207755872142
1920.000000 0.84057278040485
1930.000000 0.83906873441135
1940.000000 0.83756358804246
1950.000000 0.83605825849546
1960.000000 0.83722021215767
1970.000000 0.83897542957956
1980.000000 0.84073084797338
1990.000000 0.84248738624352
2000.000000 0.84306138342424
2010.000000 0.83652566713868
2020.000000 0.82999008032686
2030.000000 0.82345280558169
2040.000000 0.81691475519765
2050.000000 0.81037681274182
2060.000000 0.80383720389818
2070.000000 0.79729681941565
2080.000000 0.79075565929424
2090.000000 0.78421457837368
2100.000000 0.77767185979267
2110.000000 0.77940487130498
2120.000000 0.78183604168931
2130.000000 0.78426664323919
2140.000000 0.78669752545148
2150.000000 0.78912954821795
2160.000000 0.79156099435378
2170.000000 0.79399272115203
2180.000000 0.79642559630062
2190.000000 0.79885788702241
2200.000000 0.79973681907348
2210.000000 0.79169349857494
2220.000000 0.78364835500859
2230.000000 0.77560225956736
2240.000000 0.76755521225125
2250.000000 0.76390860472354
2260.000000 0.76537746094007
2270.000000 0.76684648462245
2280.000000 0.7683165123395
2290.000000 0.7697858725042
2300.000000 0.77125540013476
2310.000000 0.77272593645181
2320.000000 0.77419580056468
2330.000000 0.77566583214341
2340.000000 0.77769947860038
2350.000000 0.78422817881613
2360.000000 0.79075764107748
2370.000000 0.79728873303719
2380.000000 0.80381972644572
2390.000000 0.81035148189984
2400.000000 0.81688399939956
2410.000000 0.82341817482156
2420.000000 0.82995222346845
2430.000000 0.83648703416095
2440.000000 0.84007431731777
2450.000000 0.83809758437982
2460.000000 0.83612061342615
2470.000000 0.83414431168168
2480.000000 0.83216686249274
2490.000000 0.83018917528809
2500.000000 0.82821215068108
2510.000000 0.82623398524115
2520.000000 0.82425558178551
2530.000000 0.82227783431597
2540.000000 0.82113933491204
2550.000000 0.825292563871
2560.000000 0.82944627478678
2570.000000 0.83360137375865
2580.000000 0.83775605305062
2590.000000 0.8419112142994
2600.000000 0.84606777699197
2610.000000 0.85022390661694
2620.000000 0.85438051819872
2630.000000 0.85853854461198
2640.000000 0.8614211976249
2650.000000 0.8621039292101
2660.000000 0.86278767230051
2670.000000 0.8634705529316
2680.000000 0.86415350774221
2690.000000 0.86483747611858
2700.000000 0.86552057997508
2710.000000 0.86620375801111
2720.000000 0.86688701022667
2730.000000 0.86757127875536
2740.000000 0.86825468001681
2750.000000 0.86722355872885
2760.000000 0.86558642847281
2770.000000 0.86394815852636
2780.000000 0.86230969053509
2790.000000 0.86067195880958
2800.000000 0.85903309289492
2810.000000 0.85739402893543
2820.000000 0.85575569574045
2830.000000 0.85411623385756
2840.000000 0.85247657392985
2850.000000 0.85083763926541
2860.000000 0.8491975814143
2870.000000 0.84755732551836
2880.000000 0.84591778938445
2890.000000 0.84427713556512
2900.000000 0.84263628370096
2910.000000 0.84099614609758
2920.000000 0.83973356158208
2930.000000 0.83861498269175
2940.000000 0.83749626700483
2950.000000 0.83637832160402
2960.000000 0.8352593310573
2970.000000 0.83414020371401
2980.000000 0.83302184285692
2990.000000 0.83190244065382
3000.000000 0.83078290165414
3010.000000 0.82966412534077
3020.000000 0.82854431148129
3030.000000 0.82742436082524
3040.000000 0.82630516905558
3050.000000 0.81931606387945
3060.000000 0.80732119055442
3070.000000 0.79532490756651
3080.000000 0.7833280638135
3090.000000 0.77132894844739
3100.000000 0.75932842341841
3110.000000 0.74732729846702
3120.000000 0.73532394105984
3130.000000 0.72331917398978
3140.000000 0.71131376784002
3150.000000 0.71182590611489
3160.000000 0.71689549999577
3170.000000 0.72196646405882
3180.000000 0.72703723977948
3190.000000 0.7321086036969
3200.000000 0.73718135413527
3210.000000 0.74225389989246
3220.000000 0.7473270338464
3230.000000 0.75240157066011
3240.000000 0.75747588645382
3250.000000 0.75731205639525
3260.000000 0.75695807247519
3270.000000 0.75660486101392
3280.000000 0.75625078353693
3290.000000 0.75589665949703
3300.000000 0.75554330662251
3310.000000 0.75518908902568
3320.000000 0.75483482486595
3330.000000 0.75448133057818
3340.000000 0.75412697286151
3350.000000 0.75167646399202
3360.000000 0.74856243686943
3370.000000 0.74544722734849
3380.000000 0.74233164873381
3390.000000 0.7392157010254
3400.000000 0.7361001804402
3410.000000 0.73298349112678
3420.000000 0.72986643271962
3430.000000 0.72674979118307
3440.000000 0.7236319911709
3450.000000 0.72297599599403
3460.000000 0.72435667250397
3470.000000 0.72573672343499
3480.000000 0.72711693057884
3490.000000 0.72849808151294
3500.000000 0.72987860252887
3510.000000 0.73125927975763
3520.000000 0.73264090511589
3530.000000 0.73402189621673
3540.000000 0.73540304353041
3550.000000 0.73678434705692
3560.000000 0.73822017362048
3570.000000 0.74035910610361
3580.000000 0.74249828318074
3590.000000 0.74463850940634
3600.000000 0.74677817793621
3610.000000 0.74891809106006
3620.000000 0.75105906012667
3630.000000 0.75302921012455
3640.000000 0.75454133511555
3650.000000 0.75605444798202
3660.000000 0.75756691710713
3670.000000 0.75907955750635
3680.000000 0.76059319053866
3690.000000 0.76210617507198
3700.000000 0.76361933087943
3710.000000 0.76513265796099
3720.000000 0.76664698401912
3730.000000 0.76816065523479
3740.000000 0.76967449772457
3750.000000 0.76757816696892
3760.000000 0.76454700179022
3770.000000 0.7615154780414
3780.000000 0.75848441432415
3790.000000 0.75545217011498
3800.000000 0.75241956733568
3810.000000 0.74938741462767
3820.000000 0.74635409138801
3830.000000 0.74332040957823
3840.000000 0.74028716787946
3850.000000 0.73725276560933
3860.000000 0.73421800476906
3870.000000 0.73118288535867
3880.000000 0.72814819277892
3890.000000 0.72511235290818
3900.000000 0.72207615446731
3910.000000 0.71904037289679
3920.000000 0.71600345399557
3930.000000 0.71296617652422
3940.000000 0.70992930596295
3950.000000 0.70689130803125
3960.000000 0.70385295152942
3970.000000 0.70081499197738
3980.000000 0.6977759150152
3990.000000 0.69473647948289
4000.000000 0.69169743094009
4010.000000 0.68865727494743
4020.000000 0.68561676038464
4030.000000 0.68257662285109
4040.000000 0.67953538782795
4050.000000 0.67789558980222
4060.000000 0.6772518531086
4070.000000 0.67660876591109
4080.000000 0.6759648694787
4090.000000 0.675320893545
4100.000000 0.67467756489905
4110.000000 0.67403342922659
4120.000000 0.67338921405281
4130.000000 0.67274564395841
4140.000000 0.67210126904587
4150.000000 0.66986635504552
4160.000000 0.66724316384445
4170.000000 0.66461894155358
4180.000000 0.66199440956854
4190.000000 0.65936956788934
4200.000000 0.65674512357393
4210.000000 0.65411965963887
4220.000000 0.65149458733253
4230.000000 0.64886850114161
4240.000000 0.64624210525654
4250.000000 0.64396895432499
4260.000000 0.64345607228886
4270.000000 0.64294243310725
4280.000000 0.64242872988095
4290.000000 0.64191565333872
4300.000000 0.64140182143003
4310.000000 0.64088792547664
4320.000000 0.64037465442831
4330.000000 0.63986062979254
4340.000000 0.63934654111207
4350.000000 0.63719378393742
4360.000000 0.6324338336865
4370.000000 0.62765315629293
4380.000000 0.62287231397859
4390.000000 0.61809130674349
4400.000000 0.61331013458763
4410.000000 0.60852879751101
4420.000000 0.60374729551363
4430.000000 0.59896498441827
4440.000000 0.59418315773314
4450.000000 0.58940116612724
4460.000000 0.58461900960058
4470.000000 0.57983668815315
4480.000000 0.57505420178497
4490.000000 0.57027155049602
4500.000000 0.5654887342863
4510.000000 0.56070575315583
4520.000000 0.55592260710459
4530.000000 0.55113929613259
4540.000000 0.54635523275414
4550.000000 0.54157159709439
4560.000000 0.54096565309832
4570.000000 0.5405565536714
4580.000000 0.54014743984827
4590.000000 0.53973831162895
4600.000000 0.53932916901344
4610.000000 0.53892001200172
4620.000000 0.53851084059381
4630.000000 0.5381016547897
4640.000000 0.53769245458939
4650.000000 0.53599442783617
4660.000000 0.5282085355025
4670.000000 0.52042237500182
4680.000000 0.51263594633414
4690.000000 0.50484924949944
4700.000000 0.49706228449774
4710.000000 0.48927505132903
4720.000000 0.48148754999331
4730.000000 0.47369978049058
4740.000000 0.46591174282084
4750.000000 0.46069885629359
4760.000000 0.45972936304522
4770.000000 0.45875983617756
4780.000000 0.45779027569063
4790.000000 0.45682068158442
4800.000000 0.45585105385892
4810.000000 0.45488139251415
4820.000000 0.45391169755009
4830.000000 0.45294196896676
4840.000000 0.45197220676414
4850.000000 0.45100192624514
4860.000000 0.45003209785457
4870.000000 0.44906078805703
4880.000000 0.44808848785324
4890.000000 0.44711664503089
4900.000000 0.44614477699407
4910.000000 0.4451728837428
4920.000000 0.44420096527706
4930.000000 0.44322902159687
4940.000000 0.44225657746054
4950.000000 0.44032168126536
4960.000000 0.43687575197319
4970.000000 0.43342973366634
4980.000000 0.42998362634481
4990.000000 0.42653697168801
5000.000000 0.42309069004607
5010.000000 0.41964431938946
5020.000000 0.41619785971816
5030.000000 0.41275131103219
5040.000000 0.40930467333154
5050.000000 0.4058575105493
5060.000000 0.40241069852824
5070.000000 0.3989637974925
5080.000000 0.39551680744209
5090.000000 0.392069728377
5100.000000 0.38862256029723
5110.000000 0.38517488938953
5120.000000 0.38172754698935
5130.000000 0.3782801155745
5140.000000 0.37483259514496
5150.000000 0.37352066793493
5160.000000 0.37269372488241
5170.000000 0.37186636090011
5180.000000 0.37103937585106
5190.000000 0.37021236935696
5200.000000 0.36938534141783
5210.000000 0.36855829203366
5220.000000 0.36773082618743
5230.000000 0.36690373480673
5240.000000 0.36607662198099
5250.000000 0.36457993094622
5260.000000 0.36009593757465
5270.000000 0.35561182848679
5280.000000 0.35112722653
5290.000000 0.34664289083107
5300.000000 0.34215843941585
5310.000000 0.33767387228434
5320.000000 0.33318918943654
5330.000000 0.32870439087244
5340.000000 0.32421912836849
5350.000000 0.32069523841445
5360.000000 0.31865180183324
5370.000000 0.31660831247337
5380.000000 0.31456477033485
5390.000000 0.31252083977978
5400.000000 0.31047719428306
5410.000000 0.3084334960077
5420.000000 0.30638974495368
5430.000000 0.30434594112101
5440.000000 0.30230208450969
5450.000000 0.30025785267648
5460.000000 0.29821389270697
5470.000000 0.2961698799588
5480.000000 0.29415130373899
5490.000000 0.29223062823117
5500.000000 0.29030959138589
5510.000000 0.28838881875003
5520.000000 0.28646799651688
5530.000000 0.28454712468643
5540.000000 0.28262620325869
5550.000000 0.28070523223366
5560.000000 0.27878391227048
5570.000000 0.2768628441174
5580.000000 0.27494172636704
5590.000000 0.27302055901937
5600.000000 0.27109934207441
5610.000000 0.26917778652408
5620.000000 0.26725647245109
5630.000000 0.2653351087808
5640.000000 0.26341369551321
5650.000000 0.26149223264833
5660.000000 0.25957072018615
5670.000000 0.25615822825075
5680.000000 0.25260775184189
5690.000000 0.2490571838672
5700.000000 0.24550652432668
5710.000000 0.24195577322034
5720.000000 0.23840493054817
5730.000000 0.23485374419323
5740.000000 0.23290894944374
5750.000000 0.23171641337011
5760.000000 0.23052384649529
5770.000000 0.22933124881929
5780.000000 0.22813837544966
5790.000000 0.22694571745468
5800.000000 0.22575302865851
5810.000000 0.22456030906116
5820.000000 0.22336755866263
5830.000000 0.22217477746291
5840.000000 0.22230935396665
5850.000000 0.22319325330613
5860.000000 0.22114428210752
5870.000000 0.21909525805358
5880.000000 0.2170457152325
5890.000000 0.21499543610452
5900.000000 0.21294512614427
5910.000000 0.21089501170073
5920.000000 0.20884463787363
5930.000000 0.20679423321425
5940.000000 0.20474401746467
5950.000000 0.20269354893844
5960.000000 0.20064304957993
5970.000000 0.19859251938916
5980.000000 0.19654216929896
5990.000000 0.19449157524133
6000.000000 0.19244095035143
6010.000000 0.19040803608029
6020.000000 0.18888510468187
6030.000000 0.18736194603247
6040.000000 0.18583876447707
6050.000000 0.18431575781608
6060.000000 0.18279252881254
6070.000000 0.181269276903
6080.000000 0.17974600208745
6090.000000 0.17822289562174
6100.000000 0.17669957335805
6110.000000 0.17517622818836
6120.000000 0.17365304646008
6130.000000 0.17212965384224
6140.000000 0.17060623831841
6150.000000 0.16908279988857
6160.000000 0.16755951835556
6170.000000 0.16603603247758
6180.000000 0.1645125236936
6190.000000 0.16298916689802
6200.000000 0.1614656106659
6210.000000 0.15994203152777
6220.000000 0.15841842948364
6230.000000 0.15689497288334
6240.000000 0.15537132339107
6250.000000 0.15384765099279
6260.000000 0.15232395568852
6270.000000 0.1508003992835
6280.000000 0.14927665653108
6290.000000 0.14775289087266
6300.000000 0.14622925920507
6310.000000 0.1447054460985
6320.000000 0.14318161008593
6330.000000 0.14165775116737
6340.000000 0.14013401969506
6350.000000 0.13861011332834
6360.000000 0.13708618405563
6370.000000 0.13556237732075
6380.000000 0.13403840059989
6390.000000 0.13251440097303
6400.000000 0.13099037844017
6410.000000 0.12946647190057
6420.000000 0.12794240191956
6430.000000 0.1264856521439
6440.000000 0.12515382083311
6450.000000 0.12382210234388
6460.000000 0.12249022956732
6470.000000 0.12115833677281
6480.000000 0.1198265525103
6490.000000 0.11849461825002
6500.000000 0.11716266397179
6510.000000 0.1158306896756
6520.000000 0.114498818192
6530.000000 0.11316680243004
6540.000000 0.11183476665013
6550.000000 0.11050282939324
6560.000000 0.10917075214757
6570.000000 0.10783865488393
6580.000000 0.10650653760235
6590.000000 0.10517451312436
6600.000000 0.10384235437701
6610.000000 0.1025101756117
6620.000000 0.10117797682844
6630.000000 0.099845865129357
6640.000000 0.098513624880327
6650.000000 0.09718136461334
6660.000000 0.095849187140978
6670.000000 0.094516885408226
6680.000000 0.093184563657518
6690.000000 0.091852221888854
6700.000000 0.090519957195398
6710.000000 0.089187573960968
6720.000000 0.087855170708582
6730.000000 0.086522840241843
6740.000000 0.085190395523691
6750.000000 0.083857930787584
6760.000000 0.082525446033521
6770.000000 0.081193028345688
6780.000000 0.079860502125859
6790.000000 0.078527955888074
6800.000000 0.077195472426957
6810.000000 0.075862884723406
6820.000000 0.074530277001899
6830.000000 0.073197649262437
6840.000000 0.071865078580227
6850.000000 0.070532409374998
6860.000000 0.069199720151814
6870.000000 0.067867010910674
6880.000000 0.06653435300737
6890.000000 0.065201602300464
6900.000000 0.063868831575602
6910.000000 0.062536107899015
6920.000000 0.061203295708387
6930.000000 0.059870463499803
6940.000000 0.058537611273264
6950.000000 0.057204800375583
6960.000000 0.055871906683277
6970.000000 0.054538992973016
6980.000000 0.053206059244799
6990.000000 0.051873161126024
7000.000000 0.050540185932041
7010.000000 0.049702179420179
7020.000000 0.048900453484784
7030.000000 0.048098662208283
7040.000000 0.04729685888917
7050.000000 0.046495043527446
7060.000000 0.045693265120673
7070.000000 0.044891424813539
7080.000000 0.044089572463794
7090.000000 0.043287754488441
7100.000000 0.042485877193287
7110.000000 0.041683987855522
7120.000000 0.040882086475145
7130.000000 0.040080216028413
7140.000000 0.039278289702627
7150.000000 0.038476351334229
7160.000000 0.037674441318918
7170.000000 0.036872478005111
7180.000000 0.036070502648693
7190.000000 0.035268515249663
7200.000000 0.034466552762973
7210.000000 0.033664540418534
7220.000000 0.032862516031484
7230.000000 0.032060479601822
7240.000000 0.031258464643754
7250.000000 0.030456403268683
7260.000000 0.029654329851
7270.000000 0.028852275324352
7280.000000 0.02805017696126
7290.000000 0.027248066555557
7300.000000 0.026445944107242
7310.000000 0.025643837109216
7320.000000 0.024841689715492
7330.000000 0.024039530279157
7340.000000 0.02323738371255
7350.000000 0.022435199330805
7360.000000 0.021633002906449
7370.000000 0.020830794439482
7380.000000 0.020028595401497
7390.000000 0.01922636198912
7400.000000 0.018424116534132
7410.000000 0.017621859036533
7420.000000 0.01681960752717
7430.000000 0.016017325084161
7440.000000 0.015215030598541
7450.000000 0.014412739520597
7460.000000 0.013610420089568
7470.000000 0.012808088615927
7480.000000 0.012005745099675
7490.000000 0.011203401550353
7500.000000 0.010500173578874
7510.000000 0.010263894624178
7520.000000 0.010027622871334
7530.000000 0.0097913365691669
7540.000000 0.0095550467199453
7550.000000 0.0093187533236689
7560.000000 0.0090824661158003
7570.000000 0.0088461653720532
7580.000000 0.0086098610812513
7590.000000 0.0083735532433946
7600.000000 0.0081372505805013
7610.000000 0.007900935395174
7620.000000 0.0076646166627917
7630.000000 0.0074283023452898
7640.000000 0.007191976265437
7650.000000 0.0069556466385293
7660.000000 0.0067193134645667
7670.000000 0.0064829836920403
7680.000000 0.0062466431706071
7690.000000 0.0060102991021191
7700.000000 0.005773957674984
7710.000000 0.0055376062590253
7720.000000 0.0053012512960118
7730.000000 0.0050648927859435
7740.000000 0.0048285359037838
7750.000000 0.0045921700462448
7760.000000 0.004355800641651
7770.000000 0.0041194276900023
7780.000000 0.0038830553528181
7790.000000 0.0036466750536988
7800.000000 0.0034102912075247
7810.000000 0.0031739072157318
7820.000000 0.002937516022087
7830.000000 0.0027011212813874
7840.000000 0.002464722993633
7850.000000 0.0022283235468156
7860.000000 0.0019919179115904
7870.000000 0.0017555087293105
7880.000000 0.0015190976278844
7890.000000 0.0012826810981338
7900.000000 0.0010462610213284
7910.000000 0.00080983739746812
7920.000000 0.0005734108410175
7930.000000 0.00033697986968657
7940.000000 0.00010054535130083
7950.000000 -0.00013589285975846
7960.000000 -0.00037233472561489
7970.000000 -0.00060878013852613
7980.000000 -0.00084522909849218
7990.000000 0
8000.000000 0
