wavelength,response
1000.00000,0.00000
1003.33444,0.00000
1006.66889,0.00000
1010.00333,0.00000
1013.33778,0.00000
1016.67222,0.00000
1020.00667,0.00000
1023.34111,0.00000
1026.67556,0.00000
1030.01000,0.00000
1033.34445,0.00000
1036.67889,0.00000
1040.01334,0.00000
1043.34778,0.00000
1046.68223,0.00000
1050.01667,0.00000
1053.35112,0.00000
1056.68556,0.00000
1060.02001,0.00000
1063.35445,0.00000
1066.68890,0.00000
1070.02334,0.00000
1073.35779,0.00000
1076.69223,0.00000
1080.02668,0.00000
1083.36112,0.00000
1086.69557,0.00000
1090.03001,0.00000
1093.36445,0.00000
1096.69890,0.00000
1100.03334,0.00000
1103.36779,0.00000
1106.70223,0.00000
1110.03668,0.00000
1113.37112,0.00000
1116.70557,0.00000
1120.04001,0.00000
1123.37446,0.00000
1126.70890,0.00000
1130.04335,0.00000
1133.37779,0.00000
1136.71224,0.00000
1140.04668,0.00000
1143.38113,0.00000
1146.71557,0.00000
1150.05002,0.00000
1153.38446,0.00000
1156.71891,0.00000
1160.05335,0.00000
1163.38780,0.00000
1166.72224,0.00000
1170.05669,0.00000
1173.39113,0.00000
1176.72558,0.00000
1180.06002,0.00000
1183.39446,0.00000
1186.72891,0.00000
1190.06335,0.00000
1193.39780,0.00000
1196.73224,0.00000
1200.06669,0.00000
1203.40113,0.00000
1206.73558,0.00000
1210.07002,0.00000
1213.40447,0.00000
1216.73891,0.00000
1220.07336,0.00000
1223.40780,0.00000
1226.74225,0.00000
1230.07669,0.00000
1233.41114,0.00000
1236.74558,0.00000
1240.08003,0.00000
1243.41447,0.00000
1246.74892,0.00000
1250.08336,0.00000
1253.41781,0.00000
1256.75225,0.00000
1260.08670,0.00000
1263.42114,0.00000
1266.75559,0.00000
1270.09003,0.00000
1273.42447,0.00000
1276.75892,0.00000
1280.09336,0.00000
1283.42781,0.00000
1286.76225,0.00000
1290.09670,0.00000
1293.43114,0.00000
1296.76559,0.00000
1300.10003,0.00000
1303.43448,0.00000
1306.76892,0.00000
1310.10337,0.00000
1313.43781,0.00000
1316.77226,0.00000
1320.10670,0.00000
1323.44115,0.00000
1326.77559,0.00000
1330.11004,0.00000
1333.44448,0.00000
1336.77893,0.00000
1340.11337,0.00000
1343.44782,0.00000
1346.78226,0.00000
1350.11671,0.00000
1353.45115,0.00000
1356.78560,0.00000
1360.12004,0.00000
1363.45448,0.00000
1366.78893,0.00000
1370.12337,0.00000
1373.45782,0.00000
1376.79226,0.00000
1380.12671,0.00000
1383.46115,0.00000
1386.79560,0.00000
1390.13004,0.00000
1393.46449,0.00000
1396.79893,0.00000
1400.13338,0.00000
1403.46782,0.00000
1406.80227,0.00000
1410.13671,0.00000
1413.47116,0.00000
1416.80560,0.00000
1420.14005,0.00000
1423.47449,0.00000
1426.80894,0.00000
1430.14338,0.00000
1433.47783,0.00000
1436.81227,0.00000
1440.14672,0.00000
1443.48116,0.00000
1446.81561,0.00000
1450.15005,0.00000
1453.48449,0.00000
1456.81894,0.00000
1460.15338,0.00000
1463.48783,0.00000
1466.82227,0.00000
1470.15672,0.00000
1473.49116,0.00000
1476.82561,0.00000
1480.16005,0.00000
1483.49450,0.00000
1486.82894,0.00000
1490.16339,0.00000
1493.49783,0.00000
1496.83228,0.00000
1500.16672,0.00000
1503.50117,0.00000
1506.83561,0.00000
1510.17006,0.00000
1513.50450,0.00000
1516.83895,0.00000
1520.17339,0.00000
1523.50784,0.00000
1526.84228,0.00000
1530.17673,0.00000
1533.51117,0.00000
1536.84562,0.00000
1540.18006,0.00000
1543.51450,0.00000
1546.84895,0.00000
1550.18339,0.00000
1553.51784,0.00000
1556.85228,0.00000
1560.18673,0.00000
1563.52117,0.00000
1566.85562,0.00000
1570.19006,0.00000
1573.52451,0.00000
1576.85895,0.00000
1580.19340,0.00000
1583.52784,0.00000
1586.86229,0.00000
1590.19673,0.00000
1593.53118,0.00000
1596.86562,0.00000
1600.20007,0.00000
1603.53451,0.00000
1606.86896,0.00000
1610.20340,0.00000
1613.53785,0.00000
1616.87229,0.00000
1620.20674,0.00000
1623.54118,0.00000
1626.87563,0.00000
1630.21007,0.00000
1633.54451,0.00000
1636.87896,0.00000
1640.21340,0.00000
1643.54785,0.00000
1646.88229,0.00000
1650.21674,0.00000
1653.55118,0.00000
1656.88563,0.00000
1660.22007,0.00000
1663.55452,0.00000
1666.88896,0.00000
1670.22341,0.00000
1673.55785,0.00000
1676.89230,0.00000
1680.22674,0.00000
1683.56119,0.00000
1686.89563,0.00000
1690.23008,0.00000
1693.56452,0.00000
1696.89897,0.00000
1700.23341,0.00000
1703.56786,0.00000
1706.90230,0.00000
1710.23675,0.00000
1713.57119,0.00000
1716.90564,0.00000
1720.24008,0.00000
1723.57452,0.00000
1726.90897,0.00000
1730.24341,0.00000
1733.57786,0.00000
1736.91230,0.00000
1740.24675,0.00000
1743.58119,0.00000
1746.91564,0.00000
1750.25008,0.00000
1753.58453,0.00000
1756.91897,0.00000
1760.25342,0.00000
1763.58786,0.00000
1766.92231,0.00000
1770.25675,0.00000
1773.59120,0.00000
1776.92564,0.00000
1780.26009,0.00000
1783.59453,0.00000
1786.92898,0.00000
1790.26342,0.00000
1793.59787,0.00000
1796.93231,0.00000
1800.26676,0.00000
1803.60120,0.00000
1806.93565,0.00000
1810.27009,0.00000
1813.60453,0.00000
1816.93898,0.00000
1820.27342,0.00000
1823.60787,0.00000
1826.94231,0.00000
1830.27676,0.00000
1833.61120,0.00000
1836.94565,0.00000
1840.28009,0.00000
1843.61454,0.00000
1846.94898,0.00000
1850.28343,0.00000
1853.61787,0.00000
1856.95232,0.00000
1860.28676,0.00000
1863.62121,0.00000
1866.95565,0.00000
1870.29010,0.00000
1873.62454,0.00000
1876.95899,0.00000
1880.29343,0.00000
1883.62788,0.00000
1886.96232,0.00000
1890.29677,0.00000
1893.63121,0.00000
1896.96566,0.00000
1900.30010,0.00000
1903.63454,0.00000
1906.96899,0.00000
1910.30343,0.00000
1913.63788,0.00000
1916.97232,0.00000
1920.30677,0.00000
1923.64121,0.00000
1926.97566,0.00000
1930.31010,0.00000
1933.64455,0.00000
1936.97899,0.00000
1940.31344,0.00000
1943.64788,0.00000
1946.98233,0.00000
1950.31677,0.00000
1953.65122,0.00000
1956.98566,0.00000
1960.32011,0.00000
1963.65455,0.00000
1966.98900,0.00000
1970.32344,0.00000
1973.65789,0.00000
1976.99233,0.00000
1980.32678,0.00000
1983.66122,0.00000
1986.99567,0.00000
1990.33011,0.00000
1993.66455,0.00000
1996.99900,0.00000
2000.33344,0.00000
2003.66789,0.00000
2007.00233,0.00000
2010.33678,0.00000
2013.67122,0.00000
2017.00567,0.00000
2020.34011,0.00000
2023.67456,0.00000
2027.00900,0.00000
2030.34345,0.00000
2033.67789,0.00000
2037.01234,0.00000
2040.34678,0.00000
2043.68123,0.00000
2047.01567,0.00000
2050.35012,0.00000
2053.68456,0.00000
2057.01901,0.00000
2060.35345,0.00000
2063.68790,0.00000
2067.02234,0.00000
2070.35679,0.00000
2073.69123,0.00000
2077.02568,0.00000
2080.36012,0.00000
2083.69456,0.00000
2087.02901,0.00000
2090.36345,0.00000
2093.69790,0.00000
2097.03234,0.00000
2100.36679,0.00000
2103.70123,0.00000
2107.03568,0.00000
2110.37012,0.00000
2113.70457,0.00000
2117.03901,0.00000
2120.37346,0.00000
2123.70790,0.00000
2127.04235,0.00000
2130.37679,0.00000
2133.71124,0.00000
2137.04568,0.00000
2140.38013,0.00000
2143.71457,0.00000
2147.04902,0.00000
2150.38346,0.00000
2153.71791,0.00000
2157.05235,0.00000
2160.38680,0.00000
2163.72124,0.00000
2167.05569,0.00000
2170.39013,0.00000
2173.72457,0.00000
2177.05902,0.00000
2180.39346,0.00000
2183.72791,0.00000
2187.06235,0.00000
2190.39680,0.00000
2193.73124,0.00000
2197.06569,0.00000
2200.40013,0.00000
2203.73458,0.00000
2207.06902,0.00000
2210.40347,0.00000
2213.73791,0.00000
2217.07236,0.00000
2220.40680,0.00000
2223.74125,0.00000
2227.07569,0.00000
2230.41014,0.00000
2233.74458,0.00000
2237.07903,0.00000
2240.41347,0.00000
2243.74792,0.00000
2247.08236,0.00000
2250.41681,0.00000
2253.75125,0.00000
2257.08570,0.00000
2260.42014,0.00000
2263.75458,0.00000
2267.08903,0.00000
2270.42347,0.00000
2273.75792,0.00000
2277.09236,0.00000
2280.42681,0.00000
2283.76125,0.00000
2287.09570,0.00000
2290.43014,0.00000
2293.76459,0.00000
2297.09903,0.00000
2300.43348,0.00000
2303.76792,0.00000
2307.10237,0.00000
2310.43681,0.00000
2313.77126,0.00000
2317.10570,0.00000
2320.44015,0.00000
2323.77459,0.00000
2327.10904,0.00000
2330.44348,0.00000
2333.77793,0.00000
2337.11237,0.00000
2340.44682,0.00000
2343.78126,0.00000
2347.11571,0.00000
2350.45015,0.00000
2353.78459,0.00000
2357.11904,0.00000
2360.45348,0.00000
2363.78793,0.00000
2367.12237,0.00000
2370.45682,0.00000
2373.79126,0.00000
2377.12571,0.00000
2380.46015,0.00000
2383.79460,0.00000
2387.12904,0.00000
2390.46349,0.00000
2393.79793,0.00000
2397.13238,0.00000
2400.46682,0.00000
2403.80127,0.00000
2407.13571,0.00000
2410.47016,0.00000
2413.80460,0.00000
2417.13905,0.00000
2420.47349,0.00000
2423.80794,0.00000
2427.14238,0.00000
2430.47683,0.00000
2433.81127,0.00000
2437.14572,0.00000
2440.48016,0.00000
2443.81460,0.00000
2447.14905,0.00000
2450.48349,0.00000
2453.81794,0.00000
2457.15238,0.00000
2460.48683,0.00000
2463.82127,0.00000
2467.15572,0.00000
2470.49016,0.00000
2473.82461,0.00000
2477.15905,0.00000
2480.49350,0.00000
2483.82794,0.00000
2487.16239,0.00000
2490.49683,0.00000
2493.83128,0.00000
2497.16572,0.00000
2500.50017,0.00000
2503.83461,0.00000
2507.16906,0.00000
2510.50350,0.00000
2513.83795,0.00000
2517.17239,0.00000
2520.50684,0.00000
2523.84128,0.00000
2527.17573,0.00000
2530.51017,0.00000
2533.84461,0.00000
2537.17906,0.00000
2540.51350,0.00000
2543.84795,0.00000
2547.18239,0.00000
2550.51684,0.00000
2553.85128,0.00000
2557.18573,0.00000
2560.52017,0.00000
2563.85462,0.00000
2567.18906,0.00000
2570.52351,0.00000
2573.85795,0.00000
2577.19240,0.00000
2580.52684,0.00000
2583.86129,0.00000
2587.19573,0.00000
2590.53018,0.00000
2593.86462,0.00000
2597.19907,0.00000
2600.53351,0.00000
2603.86796,0.00000
2607.20240,0.00000
2610.53685,0.00000
2613.87129,0.00000
2617.20574,0.00000
2620.54018,0.00000
2623.87462,0.00000
2627.20907,0.00000
2630.54351,0.00000
2633.87796,0.00000
2637.21240,0.00000
2640.54685,0.00000
2643.88129,0.00000
2647.21574,0.00000
2650.55018,0.00000
2653.88463,0.00000
2657.21907,0.00000
2660.55352,0.00000
2663.88796,0.00000
2667.22241,0.00000
2670.55685,0.00000
2673.89130,0.00000
2677.22574,0.00000
2680.56019,0.00000
2683.89463,0.00000
2687.22908,0.00000
2690.56352,0.00000
2693.89797,0.00000
2697.23241,0.00000
2700.56686,0.00000
2703.90130,0.00000
2707.23575,0.00000
2710.57019,0.00000
2713.90463,0.00000
2717.23908,0.00000
2720.57352,0.00000
2723.90797,0.00000
2727.24241,0.00000
2730.57686,0.00000
2733.91130,0.00000
2737.24575,0.00000
2740.58019,0.00000
2743.91464,0.00000
2747.24908,0.00000
2750.58353,0.00000
2753.91797,0.00000
2757.25242,0.00000
2760.58686,0.00000
2763.92131,0.00000
2767.25575,0.00000
2770.59020,0.00000
2773.92464,0.00000
2777.25909,0.00000
2780.59353,0.00000
2783.92798,0.00000
2787.26242,0.00000
2790.59687,0.00000
2793.93131,0.00000
2797.26576,0.00000
2800.60020,0.00000
2803.93464,0.00000
2807.26909,0.00000
2810.60353,0.00000
2813.93798,0.00000
2817.27242,0.00000
2820.60687,0.00000
2823.94131,0.00000
2827.27576,0.00000
2830.61020,0.00000
2833.94465,0.00000
2837.27909,0.00000
2840.61354,0.00000
2843.94798,0.00000
2847.28243,0.00000
2850.61687,0.00000
2853.95132,0.00000
2857.28576,0.00000
2860.62021,0.00000
2863.95465,0.00000
2867.28910,0.00000
2870.62354,0.00000
2873.95799,0.00000
2877.29243,0.00000
2880.62688,0.00000
2883.96132,0.00000
2887.29577,0.00000
2890.63021,0.00000
2893.96465,0.00000
2897.29910,0.00000
2900.63354,0.00000
2903.96799,0.00000
2907.30243,0.00000
2910.63688,0.00000
2913.97132,0.00000
2917.30577,0.00000
2920.64021,0.00000
2923.97466,0.00000
2927.30910,0.00000
2930.64355,0.00000
2933.97799,0.00000
2937.31244,0.00000
2940.64688,0.00000
2943.98133,0.00000
2947.31577,0.00000
2950.65022,0.00000
2953.98466,0.00000
2957.31911,0.00000
2960.65355,0.00000
2963.98800,0.00000
2967.32244,0.00000
2970.65689,0.00000
2973.99133,0.00000
2977.32578,0.00000
2980.66022,0.00000
2983.99466,0.00000
2987.32911,0.00000
2990.66355,0.00000
2993.99800,0.00000
2997.33244,0.00000
3000.66689,0.00000
3004.00133,0.00000
3007.33578,0.00000
3010.67022,0.00000
3014.00467,0.00000
3017.33911,0.00000
3020.67356,0.00000
3024.00800,0.00000
3027.34245,0.00000
3030.67689,0.00000
3034.01134,0.00000
3037.34578,0.00000
3040.68023,0.00000
3044.01467,0.00000
3047.34912,0.00000
3050.68356,0.00000
3054.01801,0.00000
3057.35245,0.00000
3060.68690,0.00000
3064.02134,0.00000
3067.35579,0.00000
3070.69023,0.00000
3074.02467,0.00000
3077.35912,0.00000
3080.69356,0.00000
3084.02801,0.00000
3087.36245,0.00000
3090.69690,0.00000
3094.03134,0.00000
3097.36579,0.00000
3100.70023,0.00000
3104.03468,0.00000
3107.36912,0.00000
3110.70357,0.00000
3114.03801,0.00000
3117.37246,0.00000
3120.70690,0.00000
3124.04135,0.00000
3127.37579,0.00000
3130.71024,0.00000
3134.04468,0.00000
3137.37913,0.00000
3140.71357,0.00000
3144.04802,0.00000
3147.38246,0.00000
3150.71691,0.00000
3154.05135,0.00000
3157.38580,0.00000
3160.72024,0.00000
3164.05468,0.00000
3167.38913,0.00000
3170.72357,0.00000
3174.05802,0.00000
3177.39246,0.00000
3180.72691,0.00000
3184.06135,0.00000
3187.39580,0.00000
3190.73024,0.00000
3194.06469,0.00000
3197.39913,0.00000
3200.73358,0.00000
3204.06802,0.00000
3207.40247,0.00000
3210.73691,0.00000
3214.07136,0.00000
3217.40580,0.00000
3220.74025,0.00000
3224.07469,0.00000
3227.40914,0.00000
3230.74358,0.00000
3234.07803,0.00000
3237.41247,0.00000
3240.74692,0.00000
3244.08136,0.00000
3247.41581,0.00000
3250.75025,0.00000
3254.08469,0.00000
3257.41914,0.00000
3260.75358,0.00000
3264.08803,0.00000
3267.42247,0.00000
3270.75692,0.00000
3274.09136,0.00000
3277.42581,0.00000
3280.76025,0.00000
3284.09470,0.00000
3287.42914,0.00000
3290.76359,0.00000
3294.09803,0.00000
3297.43248,0.00000
3300.76692,0.00000
3304.10137,0.00000
3307.43581,0.00000
3310.77026,0.00000
3314.10470,0.00000
3317.43915,0.00000
3320.77359,0.00000
3324.10804,0.00000
3327.44248,0.00000
3330.77693,0.00000
3334.11137,0.00000
3337.44582,0.00000
3340.78026,0.00000
3344.11470,0.00000
3347.44915,0.00000
3350.78359,0.00000
3354.11804,0.00000
3357.45248,0.00000
3360.78693,0.00000
3364.12137,0.00000
3367.45582,0.00000
3370.79026,0.00000
3374.12471,0.00000
3377.45915,0.00000
3380.79360,0.00000
3384.12804,0.00000
3387.46249,0.00000
3390.79693,0.00000
3394.13138,0.00000
3397.46582,0.00000
3400.80027,0.00000
3404.13471,0.00000
3407.46916,0.00000
3410.80360,0.00000
3414.13805,0.00000
3417.47249,0.00000
3420.80694,0.00000
3424.14138,0.00000
3427.47583,0.00000
3430.81027,0.00000
3434.14471,0.00000
3437.47916,0.00000
3440.81360,0.00000
3444.14805,0.00000
3447.48249,0.00000
3450.81694,0.00000
3454.15138,0.00000
3457.48583,0.00000
3460.82027,0.00000
3464.15472,0.00000
3467.48916,0.00000
3470.82361,0.00000
3474.15805,0.00000
3477.49250,0.00000
3480.82694,0.00000
3484.16139,0.00000
3487.49583,0.00000
3490.83028,0.00000
3494.16472,0.00000
3497.49917,0.00000
3500.83361,0.00000
3504.16806,0.00000
3507.50250,0.00000
3510.83695,0.00000
3514.17139,0.00000
3517.50584,0.00000
3520.84028,0.00000
3524.17472,0.00000
3527.50917,0.00000
3530.84361,0.00000
3534.17806,0.00000
3537.51250,0.00000
3540.84695,0.00000
3544.18139,0.00000
3547.51584,0.00000
3550.85028,0.00000
3554.18473,0.00000
3557.51917,0.00000
3560.85362,0.00000
3564.18806,0.00000
3567.52251,0.00000
3570.85695,0.00000
3574.19140,0.00000
3577.52584,0.00000
3580.86029,0.00000
3584.19473,0.00000
3587.52918,0.00000
3590.86362,0.00000
3594.19807,0.00000
3597.53251,0.00000
3600.86696,0.00000
3604.20140,0.00000
3607.53585,0.00000
3610.87029,0.00000
3614.20473,0.00000
3617.53918,0.00000
3620.87362,0.00000
3624.20807,0.00000
3627.54251,0.00000
3630.87696,0.00000
3634.21140,0.00000
3637.54585,0.00000
3640.88029,0.00000
3644.21474,0.00000
3647.54918,0.00000
3650.88363,0.00000
3654.21807,0.00000
3657.55252,0.00000
3660.88696,0.00000
3664.22141,0.00000
3667.55585,0.00000
3670.89030,0.00000
3674.22474,0.00000
3677.55919,0.00000
3680.89363,0.00000
3684.22808,0.00000
3687.56252,0.00000
3690.89697,0.00000
3694.23141,0.00000
3697.56586,0.00000
3700.90030,0.00000
3704.23474,0.00000
3707.56919,0.00000
3710.90363,0.00000
3714.23808,0.00000
3717.57252,0.00000
3720.90697,0.00000
3724.24141,0.00000
3727.57586,0.00000
3730.91030,0.00000
3734.24475,0.00000
3737.57919,0.00000
3740.91364,0.00000
3744.24808,0.00000
3747.58253,0.00000
3750.91697,0.00000
3754.25142,0.00000
3757.58586,0.00000
3760.92031,0.00000
3764.25475,0.00000
3767.58920,0.00000
3770.92364,0.00000
3774.25809,0.00000
3777.59253,0.00000
3780.92698,0.00000
3784.26142,0.00000
3787.59587,0.00000
3790.93031,0.00000
3794.26475,0.00000
3797.59920,0.00000
3800.93364,0.00000
3804.26809,0.00000
3807.60253,0.00000
3810.93698,0.00000
3814.27142,0.00000
3817.60587,0.00000
3820.94031,0.00000
3824.27476,0.00000
3827.60920,0.00000
3830.94365,0.00000
3834.27809,0.00000
3837.61254,0.00000
3840.94698,0.00000
3844.28143,0.00000
3847.61587,0.00000
3850.95032,0.00000
3854.28476,0.00000
3857.61921,0.00000
3860.95365,0.00000
3864.28810,0.00000
3867.62254,0.00000
3870.95699,0.00000
3874.29143,0.00000
3877.62588,0.00000
3880.96032,0.00000
3884.29476,0.00000
3887.62921,0.00000
3890.96365,0.00000
3894.29810,0.00000
3897.63254,0.00000
3900.96699,0.00000
3904.30143,0.00000
3907.63588,0.00000
3910.97032,0.00000
3914.30477,0.00000
3917.63921,0.00000
3920.97366,0.00000
3924.30810,0.00000
3927.64255,0.00000
3930.97699,0.00000
3934.31144,0.00000
3937.64588,0.00000
3940.98033,0.00000
3944.31477,0.00000
3947.64922,0.00000
3950.98366,0.00000
3954.31811,0.00000
3957.65255,0.00000
3960.98700,0.00000
3964.32144,0.00000
3967.65589,0.00000
3970.99033,0.00000
3974.32477,0.00000
3977.65922,0.00000
3980.99366,0.00000
3984.32811,0.00000
3987.66255,0.00000
3990.99700,0.00000
3994.33144,0.00000
3997.66589,0.00000
4001.00033,0.00000
4004.33478,0.00000
4007.66922,0.00000
4011.00367,0.00000
4014.33811,0.00000
4017.67256,0.00000
4021.00700,0.00000
4024.34145,0.00000
4027.67589,0.00000
4031.01034,0.00000
4034.34478,0.00000
4037.67923,0.00000
4041.01367,0.00000
4044.34812,0.00000
4047.68256,0.00000
4051.01701,0.00000
4054.35145,0.00000
4057.68590,0.00000
4061.02034,0.00000
4064.35478,0.00000
4067.68923,0.00000
4071.02367,0.00000
4074.35812,0.00000
4077.69256,0.00000
4081.02701,0.00000
4084.36145,0.00000
4087.69590,0.00000
4091.03034,0.00000
4094.36479,0.00000
4097.69923,0.00000
4101.03368,0.00000
4104.36812,0.00000
4107.70257,0.00000
4111.03701,0.00000
4114.37146,0.00000
4117.70590,0.00000
4121.04035,0.00000
4124.37479,0.00000
4127.70924,0.00000
4131.04368,0.00000
4134.37813,0.00000
4137.71257,0.00000
4141.04702,0.00000
4144.38146,0.00000
4147.71591,0.00000
4151.05035,0.00000
4154.38479,0.00000
4157.71924,0.00000
4161.05368,0.00000
4164.38813,0.00000
4167.72257,0.00000
4171.05702,0.00000
4174.39146,0.00000
4177.72591,0.00000
4181.06035,0.00000
4184.39480,0.00000
4187.72924,0.00000
4191.06369,0.00000
4194.39813,0.00000
4197.73258,0.00000
4201.06702,0.00000
4204.40147,0.00000
4207.73591,0.00000
4211.07036,0.00000
4214.40480,0.00000
4217.73925,0.00000
4221.07369,0.00000
4224.40814,0.00000
4227.74258,0.00000
4231.07703,0.00000
4234.41147,0.00000
4237.74592,0.00000
4241.08036,0.00000
4244.41480,0.00000
4247.74925,0.00000
4251.08369,0.00000
4254.41814,0.00000
4257.75258,0.00000
4261.08703,0.00000
4264.42147,0.00000
4267.75592,0.00000
4271.09036,0.00000
4274.42481,0.00000
4277.75925,0.00000
4281.09370,0.00000
4284.42814,0.00000
4287.76259,0.00000
4291.09703,0.00000
4294.43148,0.00000
4297.76592,0.00000
4301.10037,0.00000
4304.43481,0.00000
4307.76926,0.00000
4311.10370,0.00000
4314.43815,0.00000
4317.77259,0.00000
4321.10704,0.00000
4324.44148,0.00000
4327.77593,0.00000
4331.11037,0.00000
4334.44481,0.00000
4337.77926,0.00000
4341.11370,0.00000
4344.44815,0.00000
4347.78259,0.00000
4351.11704,0.00000
4354.45148,0.00000
4357.78593,0.00000
4361.12037,0.00000
4364.45482,0.00000
4367.78926,0.00000
4371.12371,0.00000
4374.45815,0.00000
4377.79260,0.00000
4381.12704,0.00000
4384.46149,0.00000
4387.79593,0.00000
4391.13038,0.00000
4394.46482,0.00000
4397.79927,0.00000
4401.13371,0.00000
4404.46816,0.00000
4407.80260,0.00000
4411.13705,0.00000
4414.47149,0.00000
4417.80594,0.00000
4421.14038,0.00000
4424.47482,0.00000
4427.80927,0.00000
4431.14371,0.00000
4434.47816,0.00000
4437.81260,0.00000
4441.14705,0.00000
4444.48149,0.00000
4447.81594,0.00000
4451.15038,0.00000
4454.48483,0.00000
4457.81927,0.00000
4461.15372,0.00000
4464.48816,0.00000
4467.82261,0.00000
4471.15705,0.00000
4474.49150,0.00000
4477.82594,0.00000
4481.16039,0.00000
4484.49483,0.00000
4487.82928,0.00000
4491.16372,0.00000
4494.49817,0.00000
4497.83261,0.00000
4501.16706,0.00000
4504.50150,0.00000
4507.83595,0.00000
4511.17039,0.00000
4514.50483,0.00000
4517.83928,0.00000
4521.17372,0.00000
4524.50817,0.00000
4527.84261,0.00000
4531.17706,0.00000
4534.51150,0.00000
4537.84595,0.00000
4541.18039,0.00000
4544.51484,0.00000
4547.84928,0.00000
4551.18373,0.00000
4554.51817,0.00000
4557.85262,0.00000
4561.18706,0.00000
4564.52151,0.00000
4567.85595,0.00000
4571.19040,0.00000
4574.52484,0.00000
4577.85929,0.00000
4581.19373,0.00000
4584.52818,0.00000
4587.86262,0.00000
4591.19707,0.00000
4594.53151,0.00000
4597.86596,0.00000
4601.20040,0.00000
4604.53484,0.00000
4607.86929,0.00000
4611.20373,0.00000
4614.53818,0.00000
4617.87262,0.00000
4621.20707,0.00000
4624.54151,0.00000
4627.87596,0.00000
4631.21040,0.00000
4634.54485,0.00000
4637.87929,0.00000
4641.21374,0.00000
4644.54818,0.00000
4647.88263,0.00000
4651.21707,0.00000
4654.55152,0.00000
4657.88596,0.00000
4661.22041,0.00000
4664.55485,0.00000
4667.88930,0.00000
4671.22374,0.00000
4674.55819,0.00000
4677.89263,0.00000
4681.22708,0.00000
4684.56152,0.00000
4687.89597,0.00000
4691.23041,0.00000
4694.56485,0.00000
4697.89930,0.00000
4701.23374,0.00000
4704.56819,0.00000
4707.90263,0.00000
4711.23708,0.00000
4714.57152,0.00000
4717.90597,0.00000
4721.24041,0.00000
4724.57486,0.00000
4727.90930,0.00000
4731.24375,0.00000
4734.57819,0.00000
4737.91264,0.00000
4741.24708,0.00000
4744.58153,0.00000
4747.91597,0.00000
4751.25042,0.00000
4754.58486,0.00000
4757.91931,0.00000
4761.25375,0.00000
4764.58820,0.00000
4767.92264,0.00000
4771.25709,0.00000
4774.59153,0.00000
4777.92598,0.00000
4781.26042,0.00000
4784.59486,0.00000
4787.92931,0.00000
4791.26375,0.00000
4794.59820,0.00000
4797.93264,0.00000
4801.26709,0.00000
4804.60153,0.00000
4807.93598,0.00000
4811.27042,0.00000
4814.60487,0.00000
4817.93931,0.00000
4821.27376,0.00000
4824.60820,0.00000
4827.94265,0.00000
4831.27709,0.00000
4834.61154,0.00000
4837.94598,0.00000
4841.28043,0.00000
4844.61487,0.00000
4847.94932,0.00000
4851.28376,0.00000
4854.61821,0.00000
4857.95265,0.00000
4861.28710,0.00000
4864.62154,0.00000
4867.95599,0.00000
4871.29043,0.00000
4874.62487,0.00000
4877.95932,0.00000
4881.29376,0.00000
4884.62821,0.00000
4887.96265,0.00000
4891.29710,0.00000
4894.63154,0.00000
4897.96599,0.00000
4901.30043,0.00000
4904.63488,0.00000
4907.96932,0.00000
4911.30377,0.00000
4914.63821,0.00000
4917.97266,0.00000
4921.30710,0.00000
4924.64155,0.00000
4927.97599,0.00000
4931.31044,0.00000
4934.64488,0.00000
4937.97933,0.00000
4941.31377,0.00000
4944.64822,0.00000
4947.98266,0.00000
4951.31711,0.00000
4954.65155,0.00000
4957.98600,0.00000
4961.32044,0.00000
4964.65488,0.00000
4967.98933,0.00000
4971.32377,0.00000
4974.65822,0.00000
4977.99266,0.00000
4981.32711,0.00000
4984.66155,0.00000
4987.99600,0.00000
4991.33044,0.00000
4994.66489,0.00000
4997.99933,0.00000
5001.33378,0.00000
5004.66822,0.00000
5008.00267,0.00000
5011.33711,0.00000
5014.67156,0.00000
5018.00600,0.00000
5021.34045,0.00000
5024.67489,0.00000
5028.00934,0.00000
5031.34378,0.00000
5034.67823,0.00000
5038.01267,0.00000
5041.34712,0.00000
5044.68156,0.00000
5048.01601,0.00000
5051.35045,0.00000
5054.68489,0.00000
5058.01934,0.00000
5061.35378,0.00000
5064.68823,0.00000
5068.02267,0.00000
5071.35712,0.00000
5074.69156,0.00000
5078.02601,0.00000
5081.36045,0.00000
5084.69490,0.00000
5088.02934,0.00000
5091.36379,0.00000
5094.69823,0.00000
5098.03268,0.00000
5101.36712,0.00000
5104.70157,0.00000
5108.03601,0.00000
5111.37046,0.00000
5114.70490,0.00000
5118.03935,0.00000
5121.37379,0.00000
5124.70824,0.00000
5128.04268,0.00000
5131.37713,0.00000
5134.71157,0.00000
5138.04602,0.00000
5141.38046,0.00000
5144.71490,0.00000
5148.04935,0.00000
5151.38379,0.00000
5154.71824,0.00000
5158.05268,0.00000
5161.38713,0.00000
5164.72157,0.00000
5168.05602,0.00000
5171.39046,0.00000
5174.72491,0.00000
5178.05935,0.00000
5181.39380,0.00000
5184.72824,0.00000
5188.06269,0.00000
5191.39713,0.00000
5194.73158,0.00000
5198.06602,0.00000
5201.40047,0.00000
5204.73491,0.00000
5208.06936,0.00000
5211.40380,0.00000
5214.73825,0.00000
5218.07269,0.00000
5221.40714,0.00000
5224.74158,0.00000
5228.07603,0.00000
5231.41047,0.00000
5234.74491,0.00000
5238.07936,0.00000
5241.41380,0.00000
5244.74825,0.00000
5248.08269,0.00000
5251.41714,0.00000
5254.75158,0.00000
5258.08603,0.00000
5261.42047,0.00000
5264.75492,0.00000
5268.08936,0.00000
5271.42381,0.00000
5274.75825,0.00000
5278.09270,0.00000
5281.42714,0.00000
5284.76159,0.00000
5288.09603,0.00000
5291.43048,0.00000
5294.76492,0.00000
5298.09937,0.00000
5301.43381,0.00000
5304.76826,0.00000
5308.10270,0.00000
5311.43715,0.00000
5314.77159,0.00000
5318.10604,0.00000
5321.44048,0.00000
5324.77492,0.00000
5328.10937,0.00000
5331.44381,0.00000
5334.77826,0.00000
5338.11270,0.00000
5341.44715,0.00000
5344.78159,0.00000
5348.11604,0.00000
5351.45048,0.00000
5354.78493,0.00000
5358.11937,0.00000
5361.45382,0.00000
5364.78826,0.00000
5368.12271,0.00000
5371.45715,0.00000
5374.79160,0.00000
5378.12604,0.00106
5381.46049,0.00134
5384.79493,0.00167
5388.12938,0.00208
5391.46382,0.00258
5394.79827,0.00319
5398.13271,0.00392
5401.46716,0.00480
5404.80160,0.00583
5408.13605,0.00704
5411.47049,0.00844
5414.80493,0.01007
5418.13938,0.01193
5421.47382,0.01405
5424.80827,0.01642
5428.14271,0.01909
5431.47716,0.02206
5434.81160,0.02536
5438.14605,0.02896
5441.48049,0.03291
5444.81494,0.03716
5448.14938,0.04176
5451.48383,0.04668
5454.81827,0.05190
5458.15272,0.05742
5461.48716,0.06333
5464.82161,0.06948
5468.15605,0.07595
5471.49050,0.08265
5474.82494,0.08959
5478.15939,0.09680
5481.49383,0.10439
5484.82828,0.11225
5488.16272,0.12044
5491.49717,0.12896
5494.83161,0.13780
5498.16606,0.14684
5501.50050,0.15609
5504.83494,0.16546
5508.16939,0.17497
5511.50383,0.18464
5514.83828,0.19456
5518.17272,0.20465
5521.50717,0.21495
5524.84161,0.22541
5528.17606,0.23594
5531.51050,0.24638
5534.84495,0.25676
5538.17939,0.26701
5541.51384,0.27707
5544.84828,0.28697
5548.18273,0.29662
5551.51717,0.30607
5554.85162,0.31518
5558.18606,0.32392
5561.52051,0.33217
5564.85495,0.33998
5568.18940,0.34727
5571.52384,0.35404
5574.85829,0.36043
5578.19273,0.36643
5581.52718,0.37211
5584.86162,0.37744
5588.19607,0.38250
5591.53051,0.38726
5594.86495,0.39172
5598.19940,0.39605
5601.53384,0.40019
5604.86829,0.40435
5608.20273,0.40854
5611.53718,0.41263
5614.87162,0.41683
5618.20607,0.42096
5621.54051,0.42516
5624.87496,0.42937
5628.20940,0.43364
5631.54385,0.43802
5634.87829,0.44250
5638.21274,0.44702
5641.54718,0.45158
5644.88163,0.45615
5648.21607,0.46076
5651.55052,0.46527
5654.88496,0.46972
5658.21941,0.47408
5661.55385,0.47835
5664.88830,0.48239
5668.22274,0.48620
5671.55719,0.48968
5674.89163,0.49293
5678.22608,0.49537
5681.56052,0.49838
5684.89496,0.50092
5688.22941,0.50301
5691.56385,0.50414
5694.89830,0.50609
5698.23274,0.50733
5701.56719,0.50840
5704.90163,0.50897
5708.23608,0.50949
5711.57052,0.51004
5714.90497,0.51030
5718.23941,0.51052
5721.57386,0.51068
5724.90830,0.51081
5728.24275,0.51023
5731.57719,0.51082
5734.91164,0.51148
5738.24608,0.51235
5741.58053,0.51303
5744.91497,0.51374
5748.24942,0.51480
5751.58386,0.51599
5754.91831,0.51736
5758.25275,0.51893
5761.58720,0.52062
5764.92164,0.52147
5768.25609,0.52480
5771.59053,0.52698
5774.92497,0.52909
5778.25942,0.53160
5781.59386,0.53389
5784.92831,0.53646
5788.26275,0.53896
5791.59720,0.54144
5794.93164,0.54395
5798.26609,0.54691
5801.60053,0.54962
5804.93498,0.55222
5808.26942,0.55453
5811.60387,0.55671
5814.93831,0.55855
5818.27276,0.56020
5821.60720,0.56175
5824.94165,0.56297
5828.27609,0.56413
5831.61054,0.56498
5834.94498,0.56572
5838.27943,0.56629
5841.61387,0.56659
5844.94832,0.56685
5848.28276,0.56699
5851.61721,0.56717
5854.95165,0.56743
5858.28610,0.56776
5861.62054,0.56787
5864.95498,0.56836
5868.28943,0.56886
5871.62387,0.56915
5874.95832,0.56944
5878.29276,0.56940
5881.62721,0.56988
5884.96165,0.57197
5888.29610,0.57074
5891.63054,0.56458
5894.96499,0.57430
5898.29943,0.57009
5901.63388,0.56387
5904.96832,0.57945
5908.30277,0.58213
5911.63721,0.58060
5914.97166,0.58451
5918.30610,0.58484
5921.64055,0.58744
5924.97499,0.58822
5928.30944,0.59085
5931.64388,0.59324
5934.97833,0.59404
5938.31277,0.59539
5941.64722,0.59389
5944.98166,0.59678
5948.31611,0.59299
5951.65055,0.59295
5954.98499,0.59665
5958.31944,0.59400
5961.65388,0.59435
5964.98833,0.59616
5968.32277,0.59140
5971.65722,0.59160
5974.99166,0.59364
5978.32611,0.59095
5981.66055,0.59073
5984.99500,0.58974
5988.32944,0.58879
5991.66389,0.58793
5994.99833,0.58651
5998.33278,0.58528
6001.66722,0.58274
6005.00167,0.58247
6008.33611,0.58123
6011.67056,0.58006
6015.00500,0.57904
6018.33945,0.57825
6021.67389,0.57760
6025.00834,0.57710
6028.34278,0.57675
6031.67723,0.57668
6035.01167,0.57675
6038.34612,0.57702
6041.68056,0.57744
6045.01501,0.57806
6048.34945,0.57884
6051.68389,0.57976
6055.01834,0.58093
6058.35278,0.58216
6061.68723,0.58354
6065.02167,0.58502
6068.35612,0.58649
6071.69056,0.58816
6075.02501,0.58980
6078.35945,0.59147
6081.69390,0.59314
6085.02834,0.59489
6088.36279,0.59662
6091.69723,0.59834
6095.03168,0.60004
6098.36612,0.60171
6101.70057,0.60334
6105.03501,0.60496
6108.36946,0.60643
6111.70390,0.60783
6115.03835,0.60914
6118.37279,0.61035
6121.70724,0.61145
6125.04168,0.61244
6128.37613,0.61336
6131.71057,0.61423
6135.04502,0.61497
6138.37946,0.61576
6141.71390,0.61651
6145.04835,0.61710
6148.38279,0.61771
6151.71724,0.61821
6155.05168,0.61853
6158.38613,0.61888
6161.72057,0.61910
6165.05502,0.61939
6168.38946,0.61961
6171.72391,0.61982
6175.05835,0.62001
6178.39280,0.62019
6181.72724,0.62029
6185.06169,0.62023
6188.39613,0.62020
6191.73058,0.62009
6195.06502,0.62004
6198.39947,0.61972
6201.73391,0.61931
6205.06836,0.61888
6208.40280,0.61842
6211.73725,0.61792
6215.07169,0.61736
6218.40614,0.61673
6221.74058,0.61598
6225.07503,0.61520
6228.40947,0.61441
6231.74391,0.61352
6235.07836,0.61270
6238.41280,0.61190
6241.74725,0.61102
6245.08169,0.61025
6248.41614,0.60937
6251.75058,0.60856
6255.08503,0.60773
6258.41947,0.60678
6261.75392,0.60590
6265.08836,0.60503
6268.42281,0.60407
6271.75725,0.60315
6275.09170,0.60267
6278.42614,0.57980
6281.76059,0.56481
6285.09503,0.60046
6288.42948,0.60045
6291.76392,0.58841
6295.09837,0.59862
6298.43281,0.59958
6301.76726,0.59945
6305.10170,0.59941
6308.43615,0.57984
6311.77059,0.58637
6315.10504,0.59960
6318.43948,0.59933
6321.77392,0.59731
6325.10837,0.60045
6328.44281,0.60073
6331.77726,0.60086
6335.11170,0.60162
6338.44615,0.60295
6341.78059,0.60338
6345.11504,0.60429
6348.44948,0.60420
6351.78393,0.60580
6355.11837,0.60658
6358.45282,0.60735
6361.78726,0.60800
6365.12171,0.60867
6368.45615,0.60928
6371.79060,0.60973
6375.12504,0.61001
6378.45949,0.61063
6381.79393,0.61095
6385.12838,0.61118
6388.46282,0.61167
6391.79727,0.61192
6395.13171,0.61221
6398.46616,0.61245
6401.80060,0.61260
6405.13505,0.61271
6408.46949,0.61294
6411.80393,0.61295
6415.13838,0.61295
6418.47282,0.61277
6421.80727,0.61300
6425.14171,0.61297
6428.47616,0.61298
6431.81060,0.61276
6435.14505,0.61275
6438.47949,0.61278
6441.81394,0.61230
6445.14838,0.61184
6448.48283,0.61244
6451.81727,0.61240
6455.15172,0.61194
6458.48616,0.61219
6461.82061,0.61028
6465.15505,0.60940
6468.48950,0.60902
6471.82394,0.60878
6475.15839,0.60821
6478.49283,0.61118
6481.82728,0.59787
6485.16172,0.60099
6488.49617,0.60586
6491.83061,0.61356
6495.16506,0.61001
6498.49950,0.61399
6501.83394,0.61406
6505.16839,0.61386
6508.50283,0.61486
6511.83728,0.61514
6515.17172,0.61477
6518.50617,0.58953
6521.84061,0.61562
6525.17506,0.61302
6528.50950,0.61596
6531.84395,0.61596
6535.17839,0.61595
6538.51284,0.61275
6541.84728,0.61594
6545.18173,0.61539
6548.51617,0.61580
6551.85062,0.61554
6555.18506,0.61439
6558.51951,0.61459
6561.85395,0.61456
6565.18840,0.61127
6568.52284,0.61357
6571.85729,0.61322
6575.19173,0.61286
6578.52618,0.61257
6581.86062,0.61221
6585.19507,0.60955
6588.52951,0.60756
6591.86395,0.61093
6595.19840,0.60986
6598.53284,0.60972
6601.86729,0.60964
6605.20173,0.60944
6608.53618,0.60937
6611.87062,0.60918
6615.20507,0.60918
6618.53951,0.60906
6621.87396,0.60897
6625.20840,0.60894
6628.54285,0.60882
6631.87729,0.60910
6635.21174,0.60928
6638.54618,0.60961
6641.88063,0.60994
6645.21507,0.61031
6648.54952,0.61058
6651.88396,0.61102
6655.21841,0.61135
6658.55285,0.61175
6661.88730,0.61217
6665.22174,0.61273
6668.55619,0.61326
6671.89063,0.61382
6675.22508,0.61432
6678.55952,0.61483
6681.89396,0.61549
6685.22841,0.61607
6688.56285,0.61685
6691.89730,0.61751
6695.23174,0.61818
6698.56619,0.61886
6701.90063,0.61947
6705.23508,0.62007
6708.56952,0.62062
6711.90397,0.62115
6715.23841,0.62175
6718.57286,0.62225
6721.90730,0.62273
6725.24175,0.62320
6728.57619,0.62360
6731.91064,0.62400
6735.24508,0.62434
6738.57953,0.62464
6741.91397,0.62493
6745.24842,0.62520
6748.58286,0.62539
6751.91731,0.62554
6755.25175,0.62569
6758.58620,0.62581
6761.92064,0.62586
6765.25509,0.62590
6768.58953,0.62597
6771.92397,0.62605
6775.25842,0.62608
6778.59286,0.62608
6781.92731,0.62606
6785.26175,0.62595
6788.59620,0.62573
6791.93064,0.62552
6795.26509,0.62525
6798.59953,0.62490
6801.93398,0.62433
6805.26842,0.62371
6808.60287,0.62281
6811.93731,0.62204
6815.27176,0.62090
6818.60620,0.61970
6821.94065,0.61837
6825.27509,0.61674
6828.60954,0.61503
6831.94398,0.61306
6835.27843,0.61083
6838.61287,0.60830
6841.94732,0.60541
6845.28176,0.60212
6848.61621,0.59848
6851.95065,0.59433
6855.28510,0.58941
6858.61954,0.58472
6861.95398,0.57928
6865.28843,0.57314
6868.62287,0.55449
6871.95732,0.27401
6875.29176,0.50635
6878.62621,0.39591
6881.96065,0.42723
6885.29510,0.51691
6888.62954,0.37183
6891.96399,0.32416
6895.29843,0.29879
6898.63288,0.34681
6901.96732,0.30764
6905.30177,0.45194
6908.63621,0.43924
6911.97066,0.42477
6915.30510,0.37985
6918.63955,0.39836
6921.97399,0.38539
6925.30844,0.33066
6928.64288,0.35242
6931.97733,0.33812
6935.31177,0.32178
6938.64622,0.31481
6941.98066,0.27964
6945.31511,0.28352
6948.64955,0.27029
6951.98399,0.26009
6955.31844,0.24346
6958.65288,0.22793
6961.98733,0.22284
6965.32177,0.21176
6968.65622,0.20079
6971.99066,0.19012
6975.32511,0.17977
6978.65955,0.17018
6981.99400,0.16076
6985.32844,0.15196
6988.66289,0.13824
6991.99733,0.13377
6995.33178,0.12262
6998.66622,0.12064
7002.00067,0.11380
7005.33511,0.10725
7008.66956,0.10042
7012.00400,0.09439
7015.33845,0.08930
7018.67289,0.08172
7022.00734,0.07911
7025.34178,0.07202
7028.67623,0.06952
7032.01067,0.06626
7035.34512,0.06247
7038.67956,0.05873
7042.01400,0.05493
7045.34845,0.05201
7048.68289,0.04849
7052.01734,0.04619
7055.35178,0.04352
7058.68623,0.04072
7062.02067,0.03866
7065.35512,0.03611
7068.68956,0.03424
7072.02401,0.03241
7075.35845,0.03045
7078.69290,0.02882
7082.02734,0.02716
7085.36179,0.02567
7088.69623,0.02423
7092.03068,0.02284
7095.36512,0.02156
7098.69957,0.02033
7102.03401,0.01917
7105.36846,0.01813
7108.70290,0.01711
7112.03735,0.01620
7115.37179,0.01533
7118.70624,0.01451
7122.04068,0.01372
7125.37513,0.01299
7128.70957,0.01229
7132.04401,0.01159
7135.37846,0.01101
7138.71290,0.01042
7142.04735,0.00985
7145.38179,0.00935
7148.71624,0.00887
7152.05068,0.00839
7155.38513,0.00796
7158.71957,0.00755
7162.05402,0.00718
7165.38846,0.00679
7168.72291,0.00639
7172.05735,0.00579
7175.39180,0.00515
7178.72624,0.00540
7182.06069,0.00527
7185.39513,0.00503
7188.72958,0.00428
7192.06402,0.00457
7195.39847,0.00372
7198.73291,0.00409
7202.06736,0.00369
7205.40180,0.00374
7208.73625,0.00344
7212.07069,0.00340
7215.40514,0.00326
7218.73958,0.00300
7222.07402,0.00297
7225.40847,0.00269
7228.74291,0.00271
7232.07736,0.00258
7235.41180,0.00240
7238.74625,0.00235
7242.08069,0.00214
7245.41514,0.00177
7248.74958,0.00201
7252.08403,0.00183
7255.41847,0.00164
7258.75292,0.00177
7262.08736,0.00169
7265.42181,0.00161
7268.75625,0.00158
7272.09070,0.00144
7275.42514,0.00143
7278.75959,0.00129
7282.09403,0.00133
7285.42848,0.00127
7288.76292,0.00122
7292.09737,0.00112
7295.43181,0.00108
7298.76626,0.00108
7302.10070,0.00000
7305.43515,0.00000
7308.76959,0.00000
7312.10403,0.00000
7315.43848,0.00000
7318.77292,0.00000
7322.10737,0.00000
7325.44181,0.00000
7328.77626,0.00000
7332.11070,0.00000
7335.44515,0.00000
7338.77959,0.00000
7342.11404,0.00000
7345.44848,0.00000
7348.78293,0.00000
7352.11737,0.00000
7355.45182,0.00000
7358.78626,0.00000
7362.12071,0.00000
7365.45515,0.00000
7368.78960,0.00000
7372.12404,0.00000
7375.45849,0.00000
7378.79293,0.00000
7382.12738,0.00000
7385.46182,0.00000
7388.79627,0.00000
7392.13071,0.00000
7395.46516,0.00000
7398.79960,0.00000
7402.13404,0.00000
7405.46849,0.00000
7408.80293,0.00000
7412.13738,0.00000
7415.47182,0.00000
7418.80627,0.00000
7422.14071,0.00000
7425.47516,0.00000
7428.80960,0.00000
7432.14405,0.00000
7435.47849,0.00000
7438.81294,0.00000
7442.14738,0.00000
7445.48183,0.00000
7448.81627,0.00000
7452.15072,0.00000
7455.48516,0.00000
7458.81961,0.00000
7462.15405,0.00000
7465.48850,0.00000
7468.82294,0.00000
7472.15739,0.00000
7475.49183,0.00000
7478.82628,0.00000
7482.16072,0.00000
7485.49517,0.00000
7488.82961,0.00000
7492.16405,0.00000
7495.49850,0.00000
7498.83294,0.00000
7502.16739,0.00000
7505.50183,0.00000
7508.83628,0.00000
7512.17072,0.00000
7515.50517,0.00000
7518.83961,0.00000
7522.17406,0.00000
7525.50850,0.00000
7528.84295,0.00000
7532.17739,0.00000
7535.51184,0.00000
7538.84628,0.00000
7542.18073,0.00000
7545.51517,0.00000
7548.84962,0.00000
7552.18406,0.00000
7555.51851,0.00000
7558.85295,0.00000
7562.18740,0.00000
7565.52184,0.00000
7568.85629,0.00000
7572.19073,0.00000
7575.52518,0.00000
7578.85962,0.00000
7582.19406,0.00000
7585.52851,0.00000
7588.86295,0.00000
7592.19740,0.00000
7595.53184,0.00000
7598.86629,0.00000
7602.20073,0.00000
7605.53518,0.00000
7608.86962,0.00000
7612.20407,0.00000
7615.53851,0.00000
7618.87296,0.00000
7622.20740,0.00000
7625.54185,0.00000
7628.87629,0.00000
7632.21074,0.00000
7635.54518,0.00000
7638.87963,0.00000
7642.21407,0.00000
7645.54852,0.00000
7648.88296,0.00000
7652.21741,0.00000
7655.55185,0.00000
7658.88630,0.00000
7662.22074,0.00000
7665.55519,0.00000
7668.88963,0.00000
7672.22407,0.00000
7675.55852,0.00000
7678.89296,0.00000
7682.22741,0.00000
7685.56185,0.00000
7688.89630,0.00000
7692.23074,0.00000
7695.56519,0.00000
7698.89963,0.00000
7702.23408,0.00000
7705.56852,0.00000
7708.90297,0.00000
7712.23741,0.00000
7715.57186,0.00000
7718.90630,0.00000
7722.24075,0.00000
7725.57519,0.00000
7728.90964,0.00000
7732.24408,0.00000
7735.57853,0.00000
7738.91297,0.00000
7742.24742,0.00000
7745.58186,0.00000
7748.91631,0.00000
7752.25075,0.00000
7755.58520,0.00000
7758.91964,0.00000
7762.25408,0.00000
7765.58853,0.00000
7768.92297,0.00000
7772.25742,0.00000
7775.59186,0.00000
7778.92631,0.00000
7782.26075,0.00000
7785.59520,0.00000
7788.92964,0.00000
7792.26409,0.00000
7795.59853,0.00000
7798.93298,0.00000
7802.26742,0.00000
7805.60187,0.00000
7808.93631,0.00000
7812.27076,0.00000
7815.60520,0.00000
7818.93965,0.00000
7822.27409,0.00000
7825.60854,0.00000
7828.94298,0.00000
7832.27743,0.00000
7835.61187,0.00000
7838.94632,0.00000
7842.28076,0.00000
7845.61521,0.00000
7848.94965,0.00000
7852.28409,0.00000
7855.61854,0.00000
7858.95298,0.00000
7862.28743,0.00000
7865.62187,0.00000
7868.95632,0.00000
7872.29076,0.00000
7875.62521,0.00000
7878.95965,0.00000
7882.29410,0.00000
7885.62854,0.00000
7888.96299,0.00000
7892.29743,0.00000
7895.63188,0.00000
7898.96632,0.00000
7902.30077,0.00000
7905.63521,0.00000
7908.96966,0.00000
7912.30410,0.00000
7915.63855,0.00000
7918.97299,0.00000
7922.30744,0.00000
7925.64188,0.00000
7928.97633,0.00000
7932.31077,0.00000
7935.64522,0.00000
7938.97966,0.00000
7942.31410,0.00000
7945.64855,0.00000
7948.98299,0.00000
7952.31744,0.00000
7955.65188,0.00000
7958.98633,0.00000
7962.32077,0.00000
7965.65522,0.00000
7968.98966,0.00000
7972.32411,0.00000
7975.65855,0.00000
7978.99300,0.00000
7982.32744,0.00000
7985.66189,0.00000
7988.99633,0.00000
7992.33078,0.00000
7995.66522,0.00000
7998.99967,0.00000
8002.33411,0.00000
8005.66856,0.00000
8009.00300,0.00000
8012.33745,0.00000
8015.67189,0.00000
8019.00634,0.00000
8022.34078,0.00000
8025.67523,0.00000
8029.00967,0.00000
8032.34411,0.00000
8035.67856,0.00000
8039.01300,0.00000
8042.34745,0.00000
8045.68189,0.00000
8049.01634,0.00000
8052.35078,0.00000
8055.68523,0.00000
8059.01967,0.00000
8062.35412,0.00000
8065.68856,0.00000
8069.02301,0.00000
8072.35745,0.00000
8075.69190,0.00000
8079.02634,0.00000
8082.36079,0.00000
8085.69523,0.00000
8089.02968,0.00000
8092.36412,0.00000
8095.69857,0.00000
8099.03301,0.00000
8102.36746,0.00000
8105.70190,0.00000
8109.03635,0.00000
8112.37079,0.00000
8115.70524,0.00000
8119.03968,0.00000
8122.37412,0.00000
8125.70857,0.00000
8129.04301,0.00000
8132.37746,0.00000
8135.71190,0.00000
8139.04635,0.00000
8142.38079,0.00000
8145.71524,0.00000
8149.04968,0.00000
8152.38413,0.00000
8155.71857,0.00000
8159.05302,0.00000
8162.38746,0.00000
8165.72191,0.00000
8169.05635,0.00000
8172.39080,0.00000
8175.72524,0.00000
8179.05969,0.00000
8182.39413,0.00000
8185.72858,0.00000
8189.06302,0.00000
8192.39747,0.00000
8195.73191,0.00000
8199.06636,0.00000
8202.40080,0.00000
8205.73525,0.00000
8209.06969,0.00000
8212.40413,0.00000
8215.73858,0.00000
8219.07302,0.00000
8222.40747,0.00000
8225.74191,0.00000
8229.07636,0.00000
8232.41080,0.00000
8235.74525,0.00000
8239.07969,0.00000
8242.41414,0.00000
8245.74858,0.00000
8249.08303,0.00000
8252.41747,0.00000
8255.75192,0.00000
8259.08636,0.00000
8262.42081,0.00000
8265.75525,0.00000
8269.08970,0.00000
8272.42414,0.00000
8275.75859,0.00000
8279.09303,0.00000
8282.42748,0.00000
8285.76192,0.00000
8289.09637,0.00000
8292.43081,0.00000
8295.76526,0.00000
8299.09970,0.00000
8302.43414,0.00000
8305.76859,0.00000
8309.10303,0.00000
8312.43748,0.00000
8315.77192,0.00000
8319.10637,0.00000
8322.44081,0.00000
8325.77526,0.00000
8329.10970,0.00000
8332.44415,0.00000
8335.77859,0.00000
8339.11304,0.00000
8342.44748,0.00000
8345.78193,0.00000
8349.11637,0.00000
8352.45082,0.00000
8355.78526,0.00000
8359.11971,0.00000
8362.45415,0.00000
8365.78860,0.00000
8369.12304,0.00000
8372.45749,0.00000
8375.79193,0.00000
8379.12638,0.00000
8382.46082,0.00000
8385.79527,0.00000
8389.12971,0.00000
8392.46415,0.00000
8395.79860,0.00000
8399.13304,0.00000
8402.46749,0.00000
8405.80193,0.00000
8409.13638,0.00000
8412.47082,0.00000
8415.80527,0.00000
8419.13971,0.00000
8422.47416,0.00000
8425.80860,0.00000
8429.14305,0.00000
8432.47749,0.00000
8435.81194,0.00000
8439.14638,0.00000
8442.48083,0.00000
8445.81527,0.00000
8449.14972,0.00000
8452.48416,0.00000
8455.81861,0.00000
8459.15305,0.00000
8462.48750,0.00000
8465.82194,0.00000
8469.15639,0.00000
8472.49083,0.00000
8475.82528,0.00000
8479.15972,0.00000
8482.49416,0.00000
8485.82861,0.00000
8489.16305,0.00000
8492.49750,0.00000
8495.83194,0.00000
8499.16639,0.00000
8502.50083,0.00000
8505.83528,0.00000
8509.16972,0.00000
8512.50417,0.00000
8515.83861,0.00000
8519.17306,0.00000
8522.50750,0.00000
8525.84195,0.00000
8529.17639,0.00000
8532.51084,0.00000
8535.84528,0.00000
8539.17973,0.00000
8542.51417,0.00000
8545.84862,0.00000
8549.18306,0.00000
8552.51751,0.00000
8555.85195,0.00000
8559.18640,0.00000
8562.52084,0.00000
8565.85529,0.00000
8569.18973,0.00000
8572.52417,0.00000
8575.85862,0.00000
8579.19306,0.00000
8582.52751,0.00000
8585.86195,0.00000
8589.19640,0.00000
8592.53084,0.00000
8595.86529,0.00000
8599.19973,0.00000
8602.53418,0.00000
8605.86862,0.00000
8609.20307,0.00000
8612.53751,0.00000
8615.87196,0.00000
8619.20640,0.00000
8622.54085,0.00000
8625.87529,0.00000
8629.20974,0.00000
8632.54418,0.00000
8635.87863,0.00000
8639.21307,0.00000
8642.54752,0.00000
8645.88196,0.00000
8649.21641,0.00000
8652.55085,0.00000
8655.88530,0.00000
8659.21974,0.00000
8662.55418,0.00000
8665.88863,0.00000
8669.22307,0.00000
8672.55752,0.00000
8675.89196,0.00000
8679.22641,0.00000
8682.56085,0.00000
8685.89530,0.00000
8689.22974,0.00000
8692.56419,0.00000
8695.89863,0.00000
8699.23308,0.00000
8702.56752,0.00000
8705.90197,0.00000
8709.23641,0.00000
8712.57086,0.00000
8715.90530,0.00000
8719.23975,0.00000
8722.57419,0.00000
8725.90864,0.00000
8729.24308,0.00000
8732.57753,0.00000
8735.91197,0.00000
8739.24642,0.00000
8742.58086,0.00000
8745.91531,0.00000
8749.24975,0.00000
8752.58419,0.00000
8755.91864,0.00000
8759.25308,0.00000
8762.58753,0.00000
8765.92197,0.00000
8769.25642,0.00000
8772.59086,0.00000
8775.92531,0.00000
8779.25975,0.00000
8782.59420,0.00000
8785.92864,0.00000
8789.26309,0.00000
8792.59753,0.00000
8795.93198,0.00000
8799.26642,0.00000
8802.60087,0.00000
8805.93531,0.00000
8809.26976,0.00000
8812.60420,0.00000
8815.93865,0.00000
8819.27309,0.00000
8822.60754,0.00000
8825.94198,0.00000
8829.27643,0.00000
8832.61087,0.00000
8835.94532,0.00000
8839.27976,0.00000
8842.61420,0.00000
8845.94865,0.00000
8849.28309,0.00000
8852.61754,0.00000
8855.95198,0.00000
8859.28643,0.00000
8862.62087,0.00000
8865.95532,0.00000
8869.28976,0.00000
8872.62421,0.00000
8875.95865,0.00000
8879.29310,0.00000
8882.62754,0.00000
8885.96199,0.00000
8889.29643,0.00000
8892.63088,0.00000
8895.96532,0.00000
8899.29977,0.00000
8902.63421,0.00000
8905.96866,0.00000
8909.30310,0.00000
8912.63755,0.00000
8915.97199,0.00000
8919.30644,0.00000
8922.64088,0.00000
8925.97533,0.00000
8929.30977,0.00000
8932.64421,0.00000
8935.97866,0.00000
8939.31310,0.00000
8942.64755,0.00000
8945.98199,0.00000
8949.31644,0.00000
8952.65088,0.00000
8955.98533,0.00000
8959.31977,0.00000
8962.65422,0.00000
8965.98866,0.00000
8969.32311,0.00000
8972.65755,0.00000
8975.99200,0.00000
8979.32644,0.00000
8982.66089,0.00000
8985.99533,0.00000
8989.32978,0.00000
8992.66422,0.00000
8995.99867,0.00000
8999.33311,0.00000
9002.66756,0.00000
9006.00200,0.00000
9009.33645,0.00000
9012.67089,0.00000
9016.00534,0.00000
9019.33978,0.00000
9022.67422,0.00000
9026.00867,0.00000
9029.34311,0.00000
9032.67756,0.00000
9036.01200,0.00000
9039.34645,0.00000
9042.68089,0.00000
9046.01534,0.00000
9049.34978,0.00000
9052.68423,0.00000
9056.01867,0.00000
9059.35312,0.00000
9062.68756,0.00000
9066.02201,0.00000
9069.35645,0.00000
9072.69090,0.00000
9076.02534,0.00000
9079.35979,0.00000
9082.69423,0.00000
9086.02868,0.00000
9089.36312,0.00000
9092.69757,0.00000
9096.03201,0.00000
9099.36646,0.00000
9102.70090,0.00000
9106.03535,0.00000
9109.36979,0.00000
9112.70423,0.00000
9116.03868,0.00000
9119.37312,0.00000
9122.70757,0.00000
9126.04201,0.00000
9129.37646,0.00000
9132.71090,0.00000
9136.04535,0.00000
9139.37979,0.00000
9142.71424,0.00000
9146.04868,0.00000
9149.38313,0.00000
9152.71757,0.00000
9156.05202,0.00000
9159.38646,0.00000
9162.72091,0.00000
9166.05535,0.00000
9169.38980,0.00000
9172.72424,0.00000
9176.05869,0.00000
9179.39313,0.00000
9182.72758,0.00000
9186.06202,0.00000
9189.39647,0.00000
9192.73091,0.00000
9196.06536,0.00000
9199.39980,0.00000
9202.73424,0.00000
9206.06869,0.00000
9209.40313,0.00000
9212.73758,0.00000
9216.07202,0.00000
9219.40647,0.00000
9222.74091,0.00000
9226.07536,0.00000
9229.40980,0.00000
9232.74425,0.00000
9236.07869,0.00000
9239.41314,0.00000
9242.74758,0.00000
9246.08203,0.00000
9249.41647,0.00000
9252.75092,0.00000
9256.08536,0.00000
9259.41981,0.00000
9262.75425,0.00000
9266.08870,0.00000
9269.42314,0.00000
9272.75759,0.00000
9276.09203,0.00000
9279.42648,0.00000
9282.76092,0.00000
9286.09537,0.00000
9289.42981,0.00000
9292.76425,0.00000
9296.09870,0.00000
9299.43314,0.00000
9302.76759,0.00000
9306.10203,0.00000
9309.43648,0.00000
9312.77092,0.00000
9316.10537,0.00000
9319.43981,0.00000
9322.77426,0.00000
9326.10870,0.00000
9329.44315,0.00000
9332.77759,0.00000
9336.11204,0.00000
9339.44648,0.00000
9342.78093,0.00000
9346.11537,0.00000
9349.44982,0.00000
9352.78426,0.00000
9356.11871,0.00000
9359.45315,0.00000
9362.78760,0.00000
9366.12204,0.00000
9369.45649,0.00000
9372.79093,0.00000
9376.12538,0.00000
9379.45982,0.00000
9382.79426,0.00000
9386.12871,0.00000
9389.46315,0.00000
9392.79760,0.00000
9396.13204,0.00000
9399.46649,0.00000
9402.80093,0.00000
9406.13538,0.00000
9409.46982,0.00000
9412.80427,0.00000
9416.13871,0.00000
9419.47316,0.00000
9422.80760,0.00000
9426.14205,0.00000
9429.47649,0.00000
9432.81094,0.00000
9436.14538,0.00000
9439.47983,0.00000
9442.81427,0.00000
9446.14872,0.00000
9449.48316,0.00000
9452.81761,0.00000
9456.15205,0.00000
9459.48650,0.00000
9462.82094,0.00000
9466.15539,0.00000
9469.48983,0.00000
9472.82427,0.00000
9476.15872,0.00000
9479.49316,0.00000
9482.82761,0.00000
9486.16205,0.00000
9489.49650,0.00000
9492.83094,0.00000
9496.16539,0.00000
9499.49983,0.00000
9502.83428,0.00000
9506.16872,0.00000
9509.50317,0.00000
9512.83761,0.00000
9516.17206,0.00000
9519.50650,0.00000
9522.84095,0.00000
9526.17539,0.00000
9529.50984,0.00000
9532.84428,0.00000
9536.17873,0.00000
9539.51317,0.00000
9542.84762,0.00000
9546.18206,0.00000
9549.51651,0.00000
9552.85095,0.00000
9556.18540,0.00000
9559.51984,0.00000
9562.85428,0.00000
9566.18873,0.00000
9569.52317,0.00000
9572.85762,0.00000
9576.19206,0.00000
9579.52651,0.00000
9582.86095,0.00000
9586.19540,0.00000
9589.52984,0.00000
9592.86429,0.00000
9596.19873,0.00000
9599.53318,0.00000
9602.86762,0.00000
9606.20207,0.00000
9609.53651,0.00000
9612.87096,0.00000
9616.20540,0.00000
9619.53985,0.00000
9622.87429,0.00000
9626.20874,0.00000
9629.54318,0.00000
9632.87763,0.00000
9636.21207,0.00000
9639.54652,0.00000
9642.88096,0.00000
9646.21541,0.00000
9649.54985,0.00000
9652.88429,0.00000
9656.21874,0.00000
9659.55318,0.00000
9662.88763,0.00000
9666.22207,0.00000
9669.55652,0.00000
9672.89096,0.00000
9676.22541,0.00000
9679.55985,0.00000
9682.89430,0.00000
9686.22874,0.00000
9689.56319,0.00000
9692.89763,0.00000
9696.23208,0.00000
9699.56652,0.00000
9702.90097,0.00000
9706.23541,0.00000
9709.56986,0.00000
9712.90430,0.00000
9716.23875,0.00000
9719.57319,0.00000
9722.90764,0.00000
9726.24208,0.00000
9729.57653,0.00000
9732.91097,0.00000
9736.24542,0.00000
9739.57986,0.00000
9742.91430,0.00000
9746.24875,0.00000
9749.58319,0.00000
9752.91764,0.00000
9756.25208,0.00000
9759.58653,0.00000
9762.92097,0.00000
9766.25542,0.00000
9769.58986,0.00000
9772.92431,0.00000
9776.25875,0.00000
9779.59320,0.00000
9782.92764,0.00000
9786.26209,0.00000
9789.59653,0.00000
9792.93098,0.00000
9796.26542,0.00000
9799.59987,0.00000
9802.93431,0.00000
9806.26876,0.00000
9809.60320,0.00000
9812.93765,0.00000
9816.27209,0.00000
9819.60654,0.00000
9822.94098,0.00000
9826.27543,0.00000
9829.60987,0.00000
9832.94431,0.00000
9836.27876,0.00000
9839.61320,0.00000
9842.94765,0.00000
9846.28209,0.00000
9849.61654,0.00000
9852.95098,0.00000
9856.28543,0.00000
9859.61987,0.00000
9862.95432,0.00000
9866.28876,0.00000
9869.62321,0.00000
9872.95765,0.00000
9876.29210,0.00000
9879.62654,0.00000
9882.96099,0.00000
9886.29543,0.00000
9889.62988,0.00000
9892.96432,0.00000
9896.29877,0.00000
9899.63321,0.00000
9902.96766,0.00000
9906.30210,0.00000
9909.63655,0.00000
9912.97099,0.00000
9916.30544,0.00000
9919.63988,0.00000
9922.97432,0.00000
9926.30877,0.00000
9929.64321,0.00000
9932.97766,0.00000
9936.31210,0.00000
9939.64655,0.00000
9942.98099,0.00000
9946.31544,0.00000
9949.64988,0.00000
9952.98433,0.00000
9956.31877,0.00000
9959.65322,0.00000
9962.98766,0.00000
9966.32211,0.00000
9969.65655,0.00000
9972.99100,0.00000
9976.32544,0.00000
9979.65989,0.00000
9982.99433,0.00000
9986.32878,0.00000
9989.66322,0.00000
9992.99767,0.00000
9996.33211,0.00000
9999.66656,0.00000
10003.00100,0.00000
10006.33545,0.00000
10009.66989,0.00000
10013.00433,0.00000
10016.33878,0.00000
10019.67322,0.00000
10023.00767,0.00000
10026.34211,0.00000
10029.67656,0.00000
10033.01100,0.00000
10036.34545,0.00000
10039.67989,0.00000
10043.01434,0.00000
10046.34878,0.00000
10049.68323,0.00000
10053.01767,0.00000
10056.35212,0.00000
10059.68656,0.00000
10063.02101,0.00000
10066.35545,0.00000
10069.68990,0.00000
10073.02434,0.00000
10076.35879,0.00000
10079.69323,0.00000
10083.02768,0.00000
10086.36212,0.00000
10089.69657,0.00000
10093.03101,0.00000
10096.36546,0.00000
10099.69990,0.00000
10103.03434,0.00000
10106.36879,0.00000
10109.70323,0.00000
10113.03768,0.00000
10116.37212,0.00000
10119.70657,0.00000
10123.04101,0.00000
10126.37546,0.00000
10129.70990,0.00000
10133.04435,0.00000
10136.37879,0.00000
10139.71324,0.00000
10143.04768,0.00000
10146.38213,0.00000
10149.71657,0.00000
10153.05102,0.00000
10156.38546,0.00000
10159.71991,0.00000
10163.05435,0.00000
10166.38880,0.00000
10169.72324,0.00000
10173.05769,0.00000
10176.39213,0.00000
10179.72658,0.00000
10183.06102,0.00000
10186.39547,0.00000
10189.72991,0.00000
10193.06435,0.00000
10196.39880,0.00000
10199.73324,0.00000
10203.06769,0.00000
10206.40213,0.00000
10209.73658,0.00000
10213.07102,0.00000
10216.40547,0.00000
10219.73991,0.00000
10223.07436,0.00000
10226.40880,0.00000
10229.74325,0.00000
10233.07769,0.00000
10236.41214,0.00000
10239.74658,0.00000
10243.08103,0.00000
10246.41547,0.00000
10249.74992,0.00000
10253.08436,0.00000
10256.41881,0.00000
10259.75325,0.00000
10263.08770,0.00000
10266.42214,0.00000
10269.75659,0.00000
10273.09103,0.00000
10276.42548,0.00000
10279.75992,0.00000
10283.09436,0.00000
10286.42881,0.00000
10289.76325,0.00000
10293.09770,0.00000
10296.43214,0.00000
10299.76659,0.00000
10303.10103,0.00000
10306.43548,0.00000
10309.76992,0.00000
10313.10437,0.00000
10316.43881,0.00000
10319.77326,0.00000
10323.10770,0.00000
10326.44215,0.00000
10329.77659,0.00000
10333.11104,0.00000
10336.44548,0.00000
10339.77993,0.00000
10343.11437,0.00000
10346.44882,0.00000
10349.78326,0.00000
10353.11771,0.00000
10356.45215,0.00000
10359.78660,0.00000
10363.12104,0.00000
10366.45549,0.00000
10369.78993,0.00000
10373.12437,0.00000
10376.45882,0.00000
10379.79326,0.00000
10383.12771,0.00000
10386.46215,0.00000
10389.79660,0.00000
10393.13104,0.00000
10396.46549,0.00000
10399.79993,0.00000
10403.13438,0.00000
10406.46882,0.00000
10409.80327,0.00000
10413.13771,0.00000
10416.47216,0.00000
10419.80660,0.00000
10423.14105,0.00000
10426.47549,0.00000
10429.80994,0.00000
10433.14438,0.00000
10436.47883,0.00000
10439.81327,0.00000
10443.14772,0.00000
10446.48216,0.00000
10449.81661,0.00000
10453.15105,0.00000
10456.48550,0.00000
10459.81994,0.00000
10463.15438,0.00000
10466.48883,0.00000
10469.82327,0.00000
10473.15772,0.00000
10476.49216,0.00000
10479.82661,0.00000
10483.16105,0.00000
10486.49550,0.00000
10489.82994,0.00000
10493.16439,0.00000
10496.49883,0.00000
10499.83328,0.00000
10503.16772,0.00000
10506.50217,0.00000
10509.83661,0.00000
10513.17106,0.00000
10516.50550,0.00000
10519.83995,0.00000
10523.17439,0.00000
10526.50884,0.00000
10529.84328,0.00000
10533.17773,0.00000
10536.51217,0.00000
10539.84662,0.00000
10543.18106,0.00000
10546.51551,0.00000
10549.84995,0.00000
10553.18439,0.00000
10556.51884,0.00000
10559.85328,0.00000
10563.18773,0.00000
10566.52217,0.00000
10569.85662,0.00000
10573.19106,0.00000
10576.52551,0.00000
10579.85995,0.00000
10583.19440,0.00000
10586.52884,0.00000
10589.86329,0.00000
10593.19773,0.00000
10596.53218,0.00000
10599.86662,0.00000
10603.20107,0.00000
10606.53551,0.00000
10609.86996,0.00000
10613.20440,0.00000
10616.53885,0.00000
10619.87329,0.00000
10623.20774,0.00000
10626.54218,0.00000
10629.87663,0.00000
10633.21107,0.00000
10636.54552,0.00000
10639.87996,0.00000
10643.21440,0.00000
10646.54885,0.00000
10649.88329,0.00000
10653.21774,0.00000
10656.55218,0.00000
10659.88663,0.00000
10663.22107,0.00000
10666.55552,0.00000
10669.88996,0.00000
10673.22441,0.00000
10676.55885,0.00000
10679.89330,0.00000
10683.22774,0.00000
10686.56219,0.00000
10689.89663,0.00000
10693.23108,0.00000
10696.56552,0.00000
10699.89997,0.00000
10703.23441,0.00000
10706.56886,0.00000
10709.90330,0.00000
10713.23775,0.00000
10716.57219,0.00000
10719.90664,0.00000
10723.24108,0.00000
10726.57553,0.00000
10729.90997,0.00000
10733.24441,0.00000
10736.57886,0.00000
10739.91330,0.00000
10743.24775,0.00000
10746.58219,0.00000
10749.91664,0.00000
10753.25108,0.00000
10756.58553,0.00000
10759.91997,0.00000
10763.25442,0.00000
10766.58886,0.00000
10769.92331,0.00000
10773.25775,0.00000
10776.59220,0.00000
10779.92664,0.00000
10783.26109,0.00000
10786.59553,0.00000
10789.92998,0.00000
10793.26442,0.00000
10796.59887,0.00000
10799.93331,0.00000
10803.26776,0.00000
10806.60220,0.00000
10809.93665,0.00000
10813.27109,0.00000
10816.60554,0.00000
10819.93998,0.00000
10823.27442,0.00000
10826.60887,0.00000
10829.94331,0.00000
10833.27776,0.00000
10836.61220,0.00000
10839.94665,0.00000
10843.28109,0.00000
10846.61554,0.00000
10849.94998,0.00000
10853.28443,0.00000
10856.61887,0.00000
10859.95332,0.00000
10863.28776,0.00000
10866.62221,0.00000
10869.95665,0.00000
10873.29110,0.00000
10876.62554,0.00000
10879.95999,0.00000
10883.29443,0.00000
10886.62888,0.00000
10889.96332,0.00000
10893.29777,0.00000
10896.63221,0.00000
10899.96666,0.00000
10903.30110,0.00000
10906.63555,0.00000
10909.96999,0.00000
10913.30443,0.00000
10916.63888,0.00000
10919.97332,0.00000
10923.30777,0.00000
10926.64221,0.00000
10929.97666,0.00000
10933.31110,0.00000
10936.64555,0.00000
10939.97999,0.00000
10943.31444,0.00000
10946.64888,0.00000
10949.98333,0.00000
10953.31777,0.00000
10956.65222,0.00000
10959.98666,0.00000
10963.32111,0.00000
10966.65555,0.00000
10969.99000,0.00000
10973.32444,0.00000
10976.65889,0.00000
10979.99333,0.00000
10983.32778,0.00000
10986.66222,0.00000
10989.99667,0.00000
10993.33111,0.00000
10996.66556,0.00000
11000.00000,0.00000
